There are 6 Cohen quandles of order 6

[{1}, {2}, {3}, {4}, {5}, {6}]
[1 1 1 1 1 1]
[2 2 2 2 2 2]
[3 3 3 3 3 3]
[4 4 4 4 4 4]
[5 5 5 5 5 5]
[6 6 6 6 6 6]
Index: 1

[{1, 2, 3}, {4, 5, 6}]
[1 3 2 1 1 1]
[3 2 1 2 2 2]
[2 1 3 3 3 3]
[4 4 4 4 6 5]
[5 5 5 6 5 4]
[6 6 6 5 4 6]
Index: 2

[{1, 6}, {2, 3}, {4, 5}]
[1 1 1 1 6 6]
[6 6 6 6 1 1]
[3 3 2 2 2 2]
[2 2 3 3 3 3]
[4 4 5 5 4 4]
[5 5 4 4 5 5]
Index: 3

[{1, 5, 6}, {2, 3, 4}]
[1 1 1 6 6 6]
[5 5 5 1 1 1]
[6 6 6 5 5 5]
[4 4 4 2 2 2]
[2 2 2 3 3 3]
[3 3 3 4 4 4]
Index: 4

[{1, 4, 5}, {2, 3, 6}]
[1 5 4 5 4 1]
[5 4 1 4 1 5]
[4 1 5 1 5 4]
[3 2 6 2 6 3]
[2 6 3 6 3 2]
[6 3 2 3 2 6]
Index: 5

[{1, 6}, {2, 3}, {4, 5}]
[1 1 6 6 6 6]
[6 6 1 1 1 1]
[3 3 2 2 3 3]
[2 2 3 3 2 2]
[5 5 5 5 4 4]
[4 4 4 4 5 5]
Index: 6

