There are 12 Cohen quandles of order 10

[{1}, {2}, {3}, {4}, {5}, {6}, {7}, {8}, {9}, {10}]
[ 1  1  1  1  1  1  1  1  1  1]
[ 2  2  2  2  2  2  2  2  2  2]
[ 3  3  3  3  3  3  3  3  3  3]
[ 4  4  4  4  4  4  4  4  4  4]
[ 5  5  5  5  5  5  5  5  5  5]
[ 6  6  6  6  6  6  6  6  6  6]
[ 7  7  7  7  7  7  7  7  7  7]
[ 8  8  8  8  8  8  8  8  8  8]
[ 9  9  9  9  9  9  9  9  9  9]
[10 10 10 10 10 10 10 10 10 10]
Index: 1

[{1, 3, 6, 7, 10}, {2, 4, 5, 8, 9}]
[ 1  6 10  3  7  1  6 10  3  7]
[10  3  7  1  6 10  3  7  1  6]
[ 7  1  6 10  3  7  1  6 10  3]
[ 6 10  3  7  1  6 10  3  7  1]
[ 3  7  1  6 10  3  7  1  6 10]
[ 2  5  9  4  8  2  5  9  4  8]
[ 9  4  8  2  5  9  4  8  2  5]
[ 8  2  5  9  4  8  2  5  9  4]
[ 5  9  4  8  2  5  9  4  8  2]
[ 4  8  2  5  9  4  8  2  5  9]
Index: 2

[{1, 3}, {10, 2}, {9, 4}, {5, 6}, {8, 7}]
[ 1  1  1  1  1  1  3  3  3  3]
[ 3  3  3  3  3  3  1  1  1  1]
[ 2  2  2  2 10 10  2  2 10 10]
[10 10 10 10  2  2 10 10  2  2]
[ 4  4  9  9  4  4  9  9  4  4]
[ 9  9  4  4  9  9  4  4  9  9]
[ 6  6  5  5  6  6  5  5  5  5]
[ 5  5  6  6  5  5  6  6  6  6]
[ 8  8  8  8  7  7  7  7  7  7]
[ 7  7  7  7  8  8  8  8  8  8]
Index: 3

[{1, 3}, {2, 10}, {9, 4}, {5, 6}, {8, 7}]
[ 1  1  3  3  3  3  3  3  3  3]
[ 3  3  1  1  1  1  1  1  1  1]
[10 10  2  2 10 10 10 10 10 10]
[ 2  2 10 10  2  2  2  2  2  2]
[ 9  9  9  9  4  4  9  9  9  9]
[ 4  4  4  4  9  9  4  4  4  4]
[ 6  6  6  6  6  6  5  5  6  6]
[ 5  5  5  5  5  5  6  6  5  5]
[ 8  8  8  8  8  8  8  8  7  7]
[ 7  7  7  7  7  7  7  7  8  8]
Index: 4

[{1, 3}, {10, 2}, {9, 4}, {5, 6}, {8, 7}]
[ 1  1  3  3  3  3  1  1  1  1]
[ 3  3  1  1  1  1  3  3  3  3]
[ 2  2  2  2 10 10 10 10  2  2]
[10 10 10 10  2  2  2  2 10 10]
[ 4  4  4  4  4  4  9  9  9  9]
[ 9  9  9  9  9  9  4  4  4  4]
[ 6  6  5  5  5  5  5  5  6  6]
[ 5  5  6  6  6  6  6  6  5  5]
[ 8  8  8  8  7  7  7  7  7  7]
[ 7  7  7  7  8  8  8  8  8  8]
Index: 5

[{1, 3, 5, 8, 10}, {2, 4, 6, 7, 9}]
[ 1  8  3 10  5  1  8  3 10  5]
[ 8  3 10  5  1  8  3 10  5  1]
[ 3 10  5  1  8  3 10  5  1  8]
[10  5  1  8  3 10  5  1  8  3]
[ 5  1  8  3 10  5  1  8  3 10]
[ 2  7  4  9  6  2  7  4  9  6]
[ 7  4  9  6  2  7  4  9  6  2]
[ 4  9  6  2  7  4  9  6  2  7]
[ 9  6  2  7  4  9  6  2  7  4]
[ 6  2  7  4  9  6  2  7  4  9]
Index: 6

[{1, 3, 5, 8, 10}, {2, 4, 6, 7, 9}]
[ 1 10  8  5  3  1 10  8  5  3]
[ 5  3  1 10  8  5  3  1 10  8]
[10  8  5  3  1 10  8  5  3  1]
[ 3  1 10  8  5  3  1 10  8  5]
[ 8  5  3  1 10  8  5  3  1 10]
[ 2  9  7  6  4  2  9  7  6  4]
[ 6  4  2  9  7  6  4  2  9  7]
[ 9  7  6  4  2  9  7  6  4  2]
[ 4  2  9  7  6  4  2  9  7  6]
[ 7  6  4  2  9  7  6  4  2  9]
Index: 7

[{1, 4, 6, 8, 10}, {2, 3, 5, 7, 9}]
[ 1  1  1  1  1  4  4  4  4  4]
[ 4  4  4  4  4  6  6  6  6  6]
[ 6  6  6  6  6 10 10 10 10 10]
[ 8  8  8  8  8  1  1  1  1  1]
[10 10 10 10 10  8  8  8  8  8]
[ 3  3  3  3  3  2  2  2  2  2]
[ 9  9  9  9  9  3  3  3  3  3]
[ 2  2  2  2  2  5  5  5  5  5]
[ 5  5  5  5  5  7  7  7  7  7]
[ 7  7  7  7  7  9  9  9  9  9]
Index: 8

[{1, 3}, {10, 2}, {9, 4}, {5, 6}, {8, 7}]
[ 1  1  1  1  1  1  3  3  1  1]
[ 3  3  3  3  3  3  1  1  3  3]
[ 2  2  2  2 10 10  2  2  2  2]
[10 10 10 10  2  2 10 10 10 10]
[ 4  4  4  4  4  4  4  4  9  9]
[ 9  9  9  9  9  9  9  9  4  4]
[ 5  5  6  6  5  5  5  5  5  5]
[ 6  6  5  5  6  6  6  6  6  6]
[ 8  8  7  7  7  7  7  7  7  7]
[ 7  7  8  8  8  8  8  8  8  8]
Index: 9

[{1, 3}, {10, 2}, {9, 4}, {5, 6}, {8, 7}]
[ 1  1  3  3  3  3  3  3  1  1]
[ 3  3  1  1  1  1  1  1  3  3]
[ 2  2  2  2 10 10 10 10 10 10]
[10 10 10 10  2  2  2  2  2  2]
[ 9  9  4  4  4  4  9  9  9  9]
[ 4  4  9  9  9  9  4  4  4  4]
[ 6  6  6  6  5  5  5  5  6  6]
[ 5  5  5  5  6  6  6  6  5  5]
[ 8  8  8  8  8  8  7  7  7  7]
[ 7  7  7  7  7  7  8  8  8  8]
Index: 10

[{1, 4, 6, 8, 10}, {2, 3, 5, 7, 9}]
[ 1 10  4  6  8  1  1  1  1  1]
[10  4  8  1  6  4  4  4  4  4]
[ 4  8  6 10  1  6  6  6  6  6]
[ 6  1 10  8  4  8  8  8  8  8]
[ 8  6  1  4 10 10 10 10 10 10]
[ 2  2  2  2  2  2  7  9  5  3]
[ 3  3  3  3  3  7  3  2  9  5]
[ 5  5  5  5  5  9  2  5  3  7]
[ 7  7  7  7  7  5  9  3  7  2]
[ 9  9  9  9  9  3  5  7  2  9]
Index: 11

[{1, 4, 6, 8, 10}, {2, 3, 5, 7, 9}]
[ 1  8 10  4  6  1  1  1  1  1]
[ 6  4  1 10  8  4  4  4  4  4]
[ 8 10  6  1  4  6  6  6  6  6]
[10  6  4  8  1  8  8  8  8  8]
[ 4  1  8  6 10 10 10 10 10 10]
[ 2  2  2  2  2  2  5  3  9  7]
[ 3  3  3  3  3  9  3  7  5  2]
[ 5  5  5  5  5  7  9  5  2  3]
[ 7  7  7  7  7  3  2  9  7  5]
[ 9  9  9  9  9  5  7  2  3  9]
Index: 12

